
30549170
30549169
30549168
30549167
30549166
30549165
30549164
30549163
30549162
30549161
30549160
30549159
30549158
30549157
30549156
30549155
30549154
30549153
30549152
30549151
30549150
30549149
30549148
30549147
30549146
30549145
30549144
30549143
30549142
30549141
30549140
30549139
30549138
30549137
30549136
30549135
30549134
30549133
30549132
30549131
30549130
30549129
30549128
30549127
30549126
30549125
30549124
30549123
30549122
30549121
30549120
30549119
30549118
30549117
30549116
30549115
30549114
30549113
30549112
30549111
30549110
30549109
30549108
30549107
30549106
30549105
30549104
30549103
30549102
30549101
30549100
30549099
30549098
30549097
30549096
30549095
30549094
30549093
30549092
30549091
30549090
30549089
30549088
30549087
30549086
30549085
30549084
30549083
30549082
30549081
30549080
30549079
30549078
30549077
30549076
30549075
30549074
30549073
30549072
30549071
30549070
30549069
30549068
30549067
30549066
30549065
30549064
30549063
30549062
30549061
30549060
30549059
30549058
30549057
30549056
30549055
30549054
30549053
30549052
30549051
30549050
30549049
30549048
30549047
30549046
30549045
30549044
30549043
30549042
30549041
30549040
30549039
30549038
30549037
30549036
30549035
30549034
30549033
30549032
30549031
30549030
30549029
30549028
30549027
30549026
30549025
30549024
30549023
30549022
30549021
30549020
30549019
30549018
30549017
30549016
30549015
30549014
30549013
30549012
30549011
30549010
30549009
30549008
30549007
30549006
30549005
30549004
30549003
30549002
30549001
30549000
30548999
30548998
30548997
30548996
30548995
30548994
30548993
30548992
30548991
30548990
30548989
30548988
30548987
30548986
30548985
30548984
30548983
30548982
30548981
30548980
30548979
30548978
30548977
30548976
30548975
30548974
30548973
30548972
30548971
30548970
30548969
30548968
30548967
30548966
30548965
30548964
30548963
30548962
30548961
30548960
30548959
30548958
30548957
30548956
30548955
30548954
30548953
30548952
30548951
30548950
30548949
30548948
30548947
30548946
30548945
30548944
30548943
30548942
30548941
30548940
30548939
30548938
30548937
30548936
30548935
30548934
30548933
30548932
30548931
30548930
30548929
30548928
30548927
30548926
30548925
30548924
30548923
30548922
30548921
30548920
30548919
30548918
30548917
30548916
30548915
30548914
30548913
30548912
30548911
30548910
30548909
30548908
30548907
30548906
30548905
30548904
30548903
30548902
30548901
30548900
30548899
30548898
30548897
30548896
30548895
30548894
30548893
30548892
30548891
30548890
30548889
30548888
30548887
30548886
30548885
30548884
30548883
30548882
30548881
30548880
30548879
30548878
30548877
30548876
30548875
30548874
30548873
30548872
30548871
30548870
30548869
30548868
30548867
30548866
30548865
30548864
30548863
30548862
30548861
30548860
30548859
30548858
30548857
30548856
30548855
30548854
30548853
30548852
30548851
30548850
30548849
30548848
30548847
30548846
30548845
30548844
30548843
30548842
30548841
30548840
30548839
30548838
30548837
30548836
30548835
30548834
30548833
30548832
30548831
30548830
30548829
30548828
30548827
30548826
30548825
30548824
30548823
30548822
30548821
30548820
30548819
30548818
30548817
30548816
30548815
30548814
30548813
30548812
30548811
30548810
30548809
30548808
30548807
30548806
30548805
30548804
30548803
30548802
30548801
30548800
30548799
30548798
30548797
30548796
30548795
30548794
30548793
30548792
30548791
30548790
30548789
30548788
30548787
30548786
30548785
30548784
30548783
30548782
30548781
30548780
30548779
30548778
30548777
30548776
30548775
30548774
30548773
30548772
30548771
30548770
30548769
30548768
30548767
30548766
30548765
30548764
30548763
30548762
30548761
30548760
30548759
30548758
30548757
30548756
30548755
30548754
30548753
30548752
30548751
30548750
30548749
30548748
30548747
30548746
30548745
30548744
30548743
30548742
30548741
30548740
30548739
30548738
30548737
30548736
30548735
30548734
30548733
30548732
30548731
30548730
30548729
30548728
30548727
30548726
30548725
30548724
30548723
30548722
30548721
30548720
30548719
30548718
30548717
30548716
30548715
30548714
30548713
30548712
30548711
30548710
30548709
30548708
30548707
30548706
30548705
30548704
30548703
30548702
30548701
30548700
30548699
30548698
30548697
30548696
30548695
30548694
30548693
30548692
30548691
30548690
30548689
30548688
30548687
30548686
30548685
30548684
30548683
30548682
30548681
30548680
30548679
30548678
30548677
30548676
30548675
30548674
30548673
30548672
30548671
30548670
30548669
30548668
30548667
30548666
30548665
30548664
30548663
30548662
30548661
30548660
30548659
30548658
30548657
30548656
30548655
30548654
30548653
30548652
30548651
30548650
30548649
30548648
30548647
30548646
30548645
30548644
30548643
30548642
30548641
30548640
30548639
30548638
30548637
30548636
30548635
30548634
30548633
30548632
30548631
30548630
30548629
30548628
30548627
30548626
30548625
30548624
30548623
30548622
30548621
30548620
30548619
30548618
30548617
30548616
30548615
30548614
30548613
30548612
30548611
30548610
30548609
30548608
30548607
30548606
30548605
30548604
30548603
30548602
30548601
30548600
30548599
30548598
30548597
30548596
30548595
30548594
30548593
30548592
30548591
30548590
30548589
30548588
30548587
30548586
30548585
30548584
30548583
30548582
30548581
30548580
30548579
30548578
30548577
30548576
30548575
30548574
30548573
30548572
30548571
30548570
30548569
30548568
30548567
30548566
30548565
30548564
30548563
30548562
30548561
30548560
30548559
30548558
30548557
30548556
30548555
30548554
30548553
30548552
30548551
30548550
30548549
30548548
30548547
30548546
30548545
30548544
30548543
30548542
30548541
30548540
30548539
30548538
30548537
30548536
30548535
30548534
30548533
30548532
30548531
30548530
30548529
30548528
30548527
30548526
30548525
30548524
30548523
30548522
30548521
30548520
30548519
30548518
30548517
30548516
30548515
30548514
30548513
30548512
30548511
30548510
30548509
30548508
30548507
30548506
30548505
30548504
30548503
30548502
30548501
30548500
30548499
30548498
30548497
30548496
30548495
30548494
30548493
30548492
30548491
30548490
30548489
30548488
30548487
30548486
30548485
30548484
30548483
30548482
30548481
30548480
30548479
30548478
30548477
30548476
30548475
30548474
30548473
30548472
30548471
30548470
30548469
30548468
30548467
30548466
30548465
30548464
30548463
30548462
30548461
30548460
30548459
30548458
30548457
30548456
30548455
30548454
30548453
30548452
30548451
30548450
30548449
30548448
30548447
30548446
30548445
30548444
30548443
30548442
30548441
30548440
30548439
30548438
30548437
30548436
30548435
30548434
30548433
30548432
30548431
30548430
30548429
30548428
30548427
30548426
30548425
30548424
30548423
30548422
30548421
30548420
30548419
30548418
30548417
30548416
30548415
30548414
30548413
30548412
30548411
30548410
30548409
30548408
30548407
30548406
30548405
30548404
30548403
30548402
30548401
30548400
30548399
30548398
30548397
30548396
30548395
30548394
30548393
30548392
30548391
30548390
30548389
30548388
30548387
30548386
30548385
30548384
30548383
30548382
30548381
30548380
30548379
30548378
30548377
30548376
30548375
30548374
30548373
30548372
30548371
30548370
30548369
30548368
30548367
30548366
30548365
30548364
30548363
30548362
30548361
30548360
30548359
30548358
30548357
30548356
30548355
30548354
30548353
30548352
30548351
30548350
30548349
30548348
30548347
30548346
30548345
30548344
30548343
30548342
30548341
30548340
30548339
30548338
30548337
30548336
30548335
30548334
30548333
30548332
30548331
30548330
30548329
30548328
30548327
30548326
30548325
30548324
30548323
30548322
30548321
30548320
30548319
30548318
30548317
30548316
30548315
30548314
30548313
30548312
30548311
30548310
30548309
30548308
30548307
30548306
30548305
30548304
30548303
30548302
30548301
30548300
30548299
30548298
30548297
30548296
30548295
30548294
30548293
30548292
30548291
30548290
30548289
30548288
30548287
30548286
30548285
30548284
30548283
30548282
30548281
30548280
30548279
30548278
30548277
30548276
30548275
30548274
30548273
30548272
30548271
30548270
30548269
30548268
30548267
30548266
30548265
30548264
30548263
30548262
30548261
30548260
30548259
30548258
30548257
30548256
30548255
30548254
30548253
30548252
30548251
30548250
30548249
30548248
30548247
30548246
30548245
30548244
30548243
30548242
30548241
30548240
30548239
30548238
30548237
30548236
30548235
30548234
30548233
30548232
30548231
30548230
30548229
30548228
30548227
30548226
30548225
30548224
30548223
30548222
30548221
30548220
30548219
30548218
30548217
30548216
30548215
30548214
30548213
30548212
30548211
30548210
30548209
30548208
30548207
30548206
30548205
30548204
30548203
30548202
30548201
30548200
30548199
30548198
30548197
30548196
30548195
30548194
30548193
30548192
30548191
30548190
30548189
30548188
30548187
30548186
30548185
30548184
30548183
30548182
30548181
30548180
30548179
30548178
30548177
30548176
30548175
30548174
30548173
30548172
30548171
30548170
30548169
30548168
30548167
30548166
30548165
30548164
30548163
30548162
30548161
30548160
30548159
30548158
30548157
30548156
30548155
30548154
30548153
30548152
30548151
30548150
30548149
30548148
30548147
30548146
30548145
30548144
30548143
30548142
30548141
30548140
30548139
30548138
30548137
30548136
30548135
30548134
30548133
30548132
30548131
30548130
30548129
30548128
30548127
30548126
30548125
30548124
30548123
30548122
30548121
30548120
30548119
30548118
30548117
30548116
30548115
30548114
30548113
30548112
30548111
30548110
30548109
30548108
30548107
30548106
30548105
30548104
30548103
30548102
30548101
30548100
30548099
30548098
30548097
30548096
30548095
30548094
30548093
30548092
30548091
30548090
30548089
30548088
30548087
30548086
30548085
30548084
30548083
30548082
30548081
30548080
30548079
30548078
30548077
30548076
30548075
30548074
30548073
30548072
30548071
30548070
30548069
30548068
30548067
30548066
30548065
30548064
30548063
30548062
30548061
30548060
30548059
30548058
30548057
30548056
30548055
30548054
30548053
30548052
30548051
30548050
30548049
30548048
30548047
30548046
30548045
30548044
30548043
30548042
30548041
30548040
30548039
30548038
30548037
30548036
30548035
30548034
30548033
30548032
30548031
30548030
30548029
30548028
30548027
30548026
30548025
30548024
30548023
30548022
30548021
30548020
30548019
30548018
30548017
30548016
30548015
30548014
30548013
30548012
30548011
30548010
30548009
30548008
30548007
30548006
30548005
30548004
30548003
30548002
30548001
30548000
30547999
30547998
30547997
30547996
30547995
30547994
30547993
30547992
30547991
30547990
30547989
30547988
30547987
30547986
30547985
30547984
30547983
30547982
30547981
30547980
30547979
30547978
30547977
30547976
30547975
30547974
30547973
30547972
30547971
30547970
30547969
30547968
30547967
30547966
30547965
30547964
30547963
30547962
30547961
30547960
30547959
30547958
30547957
30547956
30547955
30547954
30547953
30547952
30547951
30547950
30547949
30547948
30547947
30547946
30547945
30547944
30547943
30547942
30547941
30547940
30547939
30547938
30547937
30547936
30547935
30547934
30547933
30547932
30547931
30547930
30547929
30547928
30547927
30547926
30547925
30547924
30547923
30547922
30547921
30547920
30547919
30547918
30547917
30547916
30547915
30547914
30547913
30547912
30547911
30547910
30547909
30547908
30547907
30547906
30547905
30547904
30547903
30547902
30547901
30547900
30547899
30547898
30547897
30547896
30547895
30547894
30547893
30547892
30547891
30547890
30547889
30547888
30547887
30547886
30547885
30547884
30547883
30547882
30547881
30547880
30547879
30547878
30547877
30547876
30547875
30547874
30547873
30547872
30547871
30547870
30547869
30547868
30547867
30547866
30547865
30547864
30547863
30547862
30547861
30547860
30547859
30547858
30547857
30547856
30547855
30547854
30547853
30547852
30547851
30547850
30547849
30547848
30547847
30547846
30547845
30547844
30547843
30547842
30547841
30547840
30547839
30547838
30547837
30547836
30547835
30547834
30547833
30547832
30547831
30547830
30547829
30547828
30547827
30547826
30547825
30547824
30547823
30547822
30547821
30547820
30547819
30547818
30547817
30547816
30547815
30547814
30547813
30547812
30547811
30547810
30547809
30547808
30547807
30547806
30547805
30547804
30547803
30547802
30547801
30547800
30547799
30547798
30547797
30547796
30547795
30547794
30547793
30547792
30547791
30547790
30547789
30547788
30547787
30547786
30547785
30547784
30547783
30547782
30547781
30547780
30547779
30547778
30547777
30547776
30547775
30547774
30547773
30547772
30547771
30547770
30547769
30547768
30547767
30547766
30547765
30547764
30547763
30547762
30547761
30547760
30547759
30547758
30547757
30547756
30547755
30547754
30547753
30547752
30547751
30547750
30547749
30547748
30547747
30547746
30547745
30547744
30547743
30547742
30547741
30547740
30547739
30547738
30547737
30547736
30547735
30547734
30547733
30547732
30547731
30547730
30547729
30547728
30547727
30547726
30547725
30547724
30547723
30547722
30547721
30547720
30547719
30547718
30547717
30547716
30547715
30547714
30547713
30547712
30547711
30547710
30547709
30547708
30547707
30547706
30547705
30547704
30547703
30547702
30547701
30547700
30547699
30547698
30547697
30547696
30547695
30547694
30547693
30547692
30547691
30547690
30547689
30547688
30547687
30547686
30547685
30547684
30547683
30547682
30547681
30547680
30547679
30547678
30547677
30547676
30547675
30547674
30547673
30547672
30547671
30547670
30547669
30547668
30547667
30547666
30547665
30547664
30547663
30547662
30547661
30547660
30547659
30547658
30547657
30547656
30547655
30547654
30547653
30547652
30547651
30547650
30547649
30547648
30547647
30547646
30547645
30547644
30547643
30547642
30547641
30547640
30547639
30547638
30547637
30547636
30547635
30547634
30547633
30547632
30547631
30547630
30547629
30547628
30547627
30547626
30547625
30547624
30547623
30547622
30547621
30547620
30547619
30547618
30547617
30547616
30547615
30547614
30547613
30547612
30547611
30547610
30547609
30547608
30547607
30547606
30547605
30547604
30547603
30547602
30547601
30547600
30547599
30547598
30547597
30547596
30547595
30547594
30547593
30547592
30547591
30547590
30547589
30547588
30547587
30547586
30547585
30547584
30547583
30547582
30547581
30547580
30547579
30547578
30547577
30547576
30547575
30547574
30547573
30547572
30547571
30547570
30547569
30547568
30547567
30547566
30547565
30547564
30547563
30547562
30547561
30547560
30547559
30547558
30547557
30547556
30547555
30547554
30547553
30547552
30547551
30547550
30547549
30547548
30547547
30547546
30547545
30547544
30547543
30547542
30547541
30547540
30547539
30547538
30547537
30547536
30547535
30547534
30547533
30547532
30547531
30547530
30547529
30547528
30547527
30547526
30547525
30547524
30547523
30547522
30547521
30547520
30547519
30547518
30547517
30547516
30547515
30547514
30547513
30547512
30547511
30547510
30547509
30547508
30547507
30547506
30547505
30547504
30547503
30547502
30547501
30547500
30547499
30547498
30547497
30547496
30547495
30547494
30547493
30547492
30547491
30547490
30547489
30547488
30547487
30547486
30547485
30547484
30547483
30547482
30547481
30547480
30547479
30547478
30547477
30547476
30547475
30547474
30547473
30547472
30547471
30547470
30547469
30547468
30547467
30547466
30547465
30547464
30547463
30547462
30547461
30547460
30547459
30547458
30547457
30547456
30547455
30547454
30547453
30547452
30547451
30547450
30547449
30547448
30547447
30547446
30547445
30547444
30547443
30547442
30547441
30547440
30547439
30547438
30547437
30547436
30547435
30547434
30547433
30547432
30547431
30547430
30547429
30547428
30547427
30547426
30547425
30547424
30547423
30547422
30547421
30547420
30547419
30547418
30547417
30547416
30547415
30547414
30547413
30547412
30547411
30547410
30547409
30547408
30547407
30547406
30547405
30547404
30547403
30547402
30547401
30547400
30547399
30547398
30547397
30547396
30547395
30547394
30547393
30547392
30547391
30547390
30547389
30547388
30547387
30547386
30547385
30547384
30547383
30547382
30547381
30547380
30547379
30547378
30547377
30547376
30547375
30547374
30547373
30547372
30547371
30547370
30547369
30547368
30547367
30547366
30547365
30547364
30547363
30547362
30547361
30547360
30547359
30547358
30547357
30547356
30547355
30547354
30547353
30547352
30547351
30547350
30547349
30547348
30547347
30547346
30547345
30547344
30547343
30547342
30547341
30547340
30547339
30547338
30547337
30547336
30547335
30547334
30547333
30547332
30547331
30547330
30547329
30547328
30547327
30547326
30547325
30547324
30547323
30547322
30547321
30547320
30547319
30547318
30547317
30547316
30547315
30547314
30547313
30547312
30547311
30547310
30547309
30547308
30547307
30547306
30547305
30547304
30547303
30547302
30547301
30547300
30547299
30547298
30547297
30547296
30547295
30547294
30547293
30547292
30547291
30547290
30547289
30547288
30547287
30547286
30547285
30547284
30547283
30547282
30547281
30547280
30547279
30547278
30547277
30547276
30547275
30547274
30547273
30547272
30547271
30547270
30547269
30547268
30547267
30547266
30547265
30547264
30547263
30547262
30547261
30547260
30547259
30547258
30547257
30547256
30547255
30547254
30547253
30547252
30547251
30547250
30547249
30547248
30547247
30547246
30547245
30547244
30547243
30547242
30547241
30547240
30547239
30547238
30547237
30547236
30547235
30547234
30547233
30547232
30547231
30547230
30547229
30547228
30547227
30547226
30547225
30547224
30547223
30547222
30547221
30547220
30547219
30547218
30547217
30547216
30547215
30547214
30547213
30547212
30547211
30547210
30547209
30547208
30547207
30547206
30547205
30547204
30547203
30547202
30547201
30547200
30547199
30547198
30547197
30547196
30547195
30547194
30547193
30547192
30547191
30547190
30547189
30547188
30547187
30547186
30547185
30547184
30547183
30547182
30547181
30547180
30547179
30547178
30547177
30547176
30547175
30547174
30547173
30547172
30547171
30547170
30547169
30547168
30547167
30547166
30547165
30547164
30547163
30547162
30547161
30547160
30547159
30547158
30547157
30547156
30547155
30547154
30547153
30547152
30547151
30547150
30547149
30547148
30547147
30547146
30547145
30547144
30547143
30547142
30547141
30547140
30547139
30547138
30547137
30547136
30547135
30547134
30547133
30547132
30547131
30547130
30547129
30547128
30547127
30547126
30547125
30547124
30547123
30547122
30547121
30547120
30547119
30547118
30547117
30547116
30547115
30547114
30547113
30547112
30547111
30547110
30547109
30547108
30547107
30547106
30547105
30547104
30547103
30547102
30547101
30547100
30547099
30547098
30547097
30547096
30547095
30547094
30547093
30547092
30547091
30547090
30547089
30547088
30547087
30547086
30547085
30547084
30547083
30547082
30547081
30547080
30547079
30547078
30547077
30547076
30547075
30547074
30547073
30547072
30547071
30547070
30547069
30547068
30547067
30547066
30547065
30547064
30547063
30547062
30547061
30547060
30547059
30547058
30547057
30547056
30547055
30547054
30547053
30547052
30547051
30547050
30547049
30547048
30547047
30547046
30547045
30547044
30547043
30547042
30547041
30547040
30547039
30547038
30547037
30547036
30547035
30547034
30547033
30547032
30547031
30547030
30547029
30547028
30547027
30547026
30547025
30547024
30547023
30547022
30547021
30547020
30547019
30547018
30547017
30547016
30547015
30547014
30547013
30547012
30547011
30547010
30547009
30547008
30547007
30547006
30547005
30547004
30547003
30547002
30547001
30547000
30546999
30546998
30546997
30546996
30546995
30546994
30546993
30546992
30546991
30546990
30546989
30546988
30546987
30546986
30546985
30546984
30546983
30546982
30546981
30546980
30546979
30546978
30546977
30546976
30546975
30546974
30546973
30546972
30546971
30546970
30546969
30546968
30546967
30546966
30546965
30546964
30546963
30546962
30546961
30546960
30546959
30546958
30546957
30546956
30546955
30546954
30546953
30546952
30546951
30546950
30546949
30546948
30546947
30546946
30546945
30546944
30546943
30546942
30546941
30546940
30546939
30546938
30546937
30546936
30546935
30546934
30546933
30546932
30546931
30546930
30546929
30546928
30546927
30546926
30546925
30546924
30546923
30546922
30546921
30546920
30546919
30546918
30546917
30546916
30546915
30546914
30546913
30546912
30546911
30546910
30546909
30546908
30546907
30546906
30546905
30546904
30546903
30546902
30546901
30546900
30546899
30546898
30546897
30546896
30546895
30546894
30546893
30546892
30546891
30546890
30546889
30546888
30546887
30546886
30546885
30546884
30546883
30546882
30546881
30546880
30546879
30546878
30546877
30546876
30546875
30546874
30546873
30546872
30546871
30546870
30546869
30546868
30546867
30546866
30546865
30546864
30546863
30546862
30546861
30546860
30546859
30546858
30546857
30546856
30546855
30546854
30546853
30546852
30546851
30546850
30546849
30546848
30546847
30546846
30546845
30546844
30546843
30546842
30546841
30546840
30546839
30546838
30546837
30546836
30546835
30546834
30546833
30546832
30546831
30546830
30546829
30546828
30546827
30546826
30546825
30546824
30546823
30546822
30546821
30546820
30546819
30546818
30546817
30546816
30546815
30546814
30546813
30546812
30546811
30546810
30546809
30546808
30546807
30546806
30546805
30546804
30546803
30546802
30546801
30546800
30546799
30546798
30546797
30546796
30546795
30546794
30546793
30546792
30546791
30546790
30546789
30546788
30546787
30546786
30546785
30546784
30546783
30546782
30546781
30546780
30546779
30546778
30546777
30546776
30546775
30546774
30546773
30546772
30546771
30546770
30546769
30546768
30546767
30546766
30546765
30546764
30546763
30546762
30546761
30546760
30546759
30546758
30546757
30546756
30546755
30546754
30546753
30546752
30546751
30546750
30546749
30546748
30546747
30546746
30546745
30546744
30546743
30546742
30546741
30546740
30546739
30546738
30546737
30546736
30546735
30546734
30546733
30546732
30546731
30546730
30546729
30546728
30546727
30546726
30546725
30546724
30546723
30546722
30546721
30546720
30546719
30546718
30546717
30546716
30546715
30546714
30546713
30546712
30546711
30546710
30546709
30546708
30546707
30546706
30546705
30546704
30546703
30546702
30546701
30546700
30546699
30546698
30546697
30546696
30546695
30546694
30546693
30546692
30546691
30546690
30546689
30546688
30546687
30546686
30546685
30546684
30546683
30546682
30546681
30546680
30546679
30546678
30546677
30546676
30546675
30546674
30546673
30546672
30546671
30546670
30546669
30546668
30546667
30546666
30546665
30546664
30546663
30546662
30546661
30546660
30546659
30546658
30546657
30546656
30546655
30546654
30546653
30546652
30546651
30546650
30546649
30546648
30546647
30546646
30546645
30546644
30546643
30546642
30546641
30546640
30546639
30546638
30546637
30546636
30546635
30546634
30546633
30546632
30546631
30546630
30546629
30546628
30546627
30546626
30546625
30546624
30546623
30546622
30546621
30546620
30546619
30546618
30546617
30546616
30546615
30546614
30546613
30546612
30546611
30546610
30546609
30546608
30546607
30546606
30546605
30546604
30546603
30546602
30546601
30546600
30546599
30546598
30546597
30546596
30546595
30546594
30546593
30546592
30546591
30546590
30546589
30546588
30546587
30546586
30546585
30546584
30546583
30546582
30546581
30546580
30546579
30546578
30546577
30546576
30546575
30546574
30546573
30546572
30546571
30546570
30546569
30546568
30546567
30546566
30546565
30546564
30546563
30546562
30546561
30546560
30546559
30546558
30546557
30546556
30546555
30546554
30546553
30546552
30546551
30546550
30546549
30546548
30546547
30546546
30546545
30546544
30546543
30546542
30546541
30546540
30546539
30546538
30546537
30546536
30546535
30546534
30546533
30546532
30546531
30546530
30546529
30546528
30546527
30546526
30546525
30546524
30546523
30546522
30546521
30546520
30546519
30546518
30546517
30546516
30546515
30546514
30546513
30546512
30546511
30546510
30546509
30546508
30546507
30546506
30546505
30546504
30546503
30546502
30546501
30546500
30546499
30546498
30546497
30546496
30546495
30546494
30546493
30546492
30546491
30546490
30546489
30546488
30546487
30546486
30546485
30546484
30546483
30546482
30546481
30546480
30546479
30546478
30546477
30546476
30546475
30546474
30546473
30546472
30546471
30546470
30546469
30546468
30546467
30546466
30546465
30546464
30546463
30546462
30546461
30546460
30546459
30546458
30546457
30546456
30546455
30546454
30546453
30546452
30546451
30546450
30546449
30546448
30546447
30546446
30546445
30546444
30546443
30546442
30546441
30546440
30546439
30546438
30546437
30546436
30546435
30546434
30546433
30546432
30546431
30546430
30546429
30546428
30546427
30546426
30546425
30546424
30546423
30546422
30546421
30546420
30546419
30546418
30546417
30546416
30546415
30546414
30546413
30546412
30546411
30546410
30546409
30546408
30546407
30546406
30546405
30546404
30546403
30546402
30546401
30546400
30546399
30546398
30546397
30546396
30546395
30546394
30546393
30546392
30546391
30546390
30546389
30546388
30546387
30546386
30546385
30546384
30546383
30546382
30546381
30546380
30546379
30546378
30546377
30546376
30546375
30546374
30546373
30546372
30546371
30546370
30546369
30546368
30546367
30546366
30546365
30546364
30546363
30546362
30546361
30546360
30546359
30546358
30546357
30546356
30546355
30546354
30546353
30546352
30546351
30546350
30546349
30546348
30546347
30546346
30546345
30546344
30546343
30546342
30546341
30546340
30546339
30546338
30546337
30546336
30546335
30546334
30546333
30546332
30546331
30546330
30546329
30546328
30546327
30546326
30546325
30546324
30546323
30546322
30546321
30546320
30546319
30546318
30546317
30546316
30546315
30546314
30546313
30546312
30546311
30546310
30546309
30546308
30546307
30546306
30546305
30546304
30546303
30546302
30546301
30546300
30546299
30546298
30546297
30546296
30546295
30546294
30546293
30546292
30546291
30546290
30546289
30546288
30546287
30546286
30546285
30546284
30546283
30546282
30546281
30546280
30546279
30546278
30546277
30546276
30546275
30546274
30546273
30546272
30546271
30546270
30546269
30546268
30546267
30546266
30546265
30546264
30546263
30546262
30546261
30546260
30546259
30546258
30546257
30546256
30546255
30546254
30546253
30546252
30546251
30546250
30546249
30546248
30546247
30546246
30546245
30546244
30546243
30546242
30546241
30546240
30546239
30546238
30546237
30546236
30546235
30546234
30546233
30546232
30546231
30546230
30546229
30546228
30546227
30546226
30546225
30546224
30546223
30546222
30546221
30546220
30546219
30546218
30546217
30546216
30546215
30546214
30546213
30546212
30546211
30546210
30546209
30546208
30546207
30546206
30546205
30546204
30546203
30546202
30546201
30546200
30546199
30546198
30546197
30546196
30546195
30546194
30546193
30546192
30546191
30546190
30546189
30546188
30546187
30546186
30546185
30546184
30546183
30546182
30546181
30546180
30546179
30546178
30546177
30546176
30546175
30546174